C_link = 0.014;
R_dis = 30;
R_pre = 30;
T_env = 298.15;
V_bus = 84;

R_pack = 0.001*24;